3.59634262509644 6.49170435732231 0
6.58120901091024 2.12041605263948 0
5.49046753672883 8.26864778995514 0
7.51312048640102 5.18221953650936 0
5.04603844601661 0.451057078316808 0
4.14596159243956 4.10746382549405 0
5.15311617637053 3.35680488497019 0
1.62382621085271 0.629946975968778 0
4.94099214905873 4.61306495126337 0
2.40861571859568 1.96952989790589 0
8.25678961817175 1.58168707275763 0
1.13104022340849 1.7306457972154 0
1.71862799208611 3.03556671366096 0
1.7561479494907 9.39573317067698 0
8.2063388125971 1.56211671652272 0
5.1993183651939 3.67505362490192 0
8.25979266315699 8.94872101489455 0
5.53329356247559 0.514493996743113 0
1.57215549377725 4.48945021489635 0
6.8873179750517 0.649640266783535 0
4.80552984168753 8.0773838981986 0
6.92812412744388 3.10303203528747 0
0.460076599847525 1.84066885849461 0
9.30584900313988 9.64752693660557 0
2.32918159337714 0.238465252332389 0
9.35648678336293 0.0039040157571435 0
7.65764289535582 4.19800107600167 0
4.58372390363365 7.44107642676681 0
8.73508336720988 0.430876065511256 0
8.19326081080362 3.68436831049621 0
8.08992887381464 7.63590135145932 0
7.85382757429034 6.43708654679358 0
7.29435578687117 6.56813247594982 0
1.17745022755116 0.669441318605095 0
0.922431813087314 1.82716580340639 0
4.22867530025542 5.41860197670758 0
9.49932138901204 6.82677118573338 0
8.76239409437403 6.22048733057454 0
1.2159377313219 7.29709290899336 0
8.73364892089739 9.46663081878796 0
3.95531483460218 4.8072174214758 0
6.85231579700485 4.01184058748186 0
3.02702836226672 3.14468150027096 0
4.72503979457542 6.85701672453433 0
4.23207423416898 4.76226827362552 0
8.34100945852697 4.93166197091341 0
1.93813144927844 1.3001047889702 0
4.62053407449275 0.207486734725535 0
9.79126785881817 5.13057583011687 0
1.2874923623167 7.43040379835293 0
4.0907239774242 0.905794177670032 0
4.90850010653958 8.48922853125259 0
4.9092930695042 8.01903298357502 0
4.07648235559464 1.63541078567505 0
7.68520371289924 3.90185131458566 0
7.29825395159423 4.23065282870084 0
2.19796143006533 7.05095855286345 0
7.97186289448291 4.80750769842416 0
8.70386942056939 1.25967836473137 0
6.55972900101915 0.459975493140519 0
2.97278380719945 5.8464134298265 0
8.02241616649553 5.80045282607898 0
0.898982817307115 1.65615231730044 0
5.88034732965752 0.803386578336358 0
9.11406901897863 9.28625205764547 0
0.219848854467273 2.04521418083459 0
8.83989575784653 5.74515972984955 0
7.84536967519671 3.10619493480772 0
2.92306190123782 3.7664618389681 0
0.634607942774892 7.87143460707739 0
0.914669365156442 8.19515760755166 0
4.26321977982298 0.892833760008216 0
1.07011262094602 6.86806990066543 0
6.36676304042339 8.88138375710696 0
1.23724918812513 3.22948190150782 0
7.78102644719183 9.41147641278803 0
0.174696838948876 6.03288419311866 0
6.155124027282 0.809320851694793 0
0.0175606249831617 9.07614905387163 0
5.79141771420836 2.00248599750921 0
7.06362329889089 3.96406465442851 0
6.62647671299055 5.95358172198758 0
1.25332494033501 0.299383956007659 0
3.40637781191617 4.09526178380474 0
9.97539464384317 8.17824014928192 0
4.54528958536685 2.39016999024898 0
6.42625200096518 3.6644557537511 0
0.824878064449877 6.18073095334694 0
2.35682398313656 5.37698024883866 0
7.3957342770882 2.71536751650274 0
1.28001007949933 1.60543991951272 0
8.92970154993236 9.46044531650841 0
7.95471324119717 0.686150665860623 0
7.59604620048776 1.54982344945893 0
4.63499659206718 0.482403899077326 0
3.19224365986884 3.36477916454896 0
7.88276706123725 8.09060235042125 0
6.8629690236412 2.58923515910283 0
9.89773645065725 9.8339237831533 0
5.72560471715406 2.91349655948579 0
4.98460907887056 7.53318229316526 1
4.14627549714025 7.24128483965809 1
3.72496290482219 8.28789952750412 1
4.70777802101407 7.21846416558826 1
4.06759224890545 7.71763154985937 1
3.96002689690855 7.9783840528416 1
3.99451518374018 7.27468849435636 1
4.52549051834227 7.47365998720259 1
4.32424167501043 8.18694626842406 1
4.25441770077286 7.30799101690795 1
3.72261607844508 7.30817296113616 1
4.44987963006319 7.48260068562471 1
3.57874097574914 7.47459406365057 1
4.35580338158559 7.38511178842597 1
4.29064259891105 7.38933929018224 1
4.53269145640989 7.06332767535296 1
4.15746663171149 7.5711008979147 1
4.22470860796927 8.58543469503731 1
4.44223217230932 7.84286653082606 1
4.60758711959744 7.47865323591725 1
3.91766265764271 7.13272392461508 1
4.2347514004235 7.8890352098655 1
4.70557605686401 7.09298772097854 1
4.02800470018508 7.96236829985875 1
3.96491355092236 7.31822950407813 1
4.63093829586138 8.60391801659804 1
3.3950965888437 7.45847419092642 1
4.30265474887037 8.67953326874084 1
4.28608292453352 8.04825214410354 1
4.7439480480132 7.9248020959409 1
4.19505920744016 7.63130773610258 1
3.46774201694353 7.87876220775811 1
4.2780532895406 7.79875147494593 1
4.36113916449805 7.31265041249314 1
3.80388889915019 7.5343776259009 1
4.48482914971757 7.32688178211937 1
4.66062592022767 7.83809189435671 1
3.21912414555705 7.58204456100794 1
4.57522110181664 8.27348181278326 1
3.62416738025524 7.58900832381776 1
4.16180307438739 7.84403061965728 1
4.32103166757149 8.17993263256291 1
3.54290350872401 7.83126374535406 1
3.67746616181986 7.83234784052042 1
4.14769401779815 7.57366243905907 1
3.70556884321814 7.85248550871194 1
4.23624640696128 7.85995873346669 1
3.94297863733328 7.62764082383618 1
4.43072728592216 7.7085022247857 1
4.1969523452712 7.91832845223662 1
3.86281886437512 7.67646000793202 1
4.96114283611285 7.88813379843006 1
4.41899012776952 7.64861756656846 1
4.70491517931585 7.09185104598681 1
3.68692452793893 7.25003148508228 1
4.70101517288284 8.19736119006407 1
3.79723641703324 7.30496682071198 1
3.05695756322103 7.92986323839762 1
3.94414184189132 7.34218572464871 1
3.96113042420154 8.21803959411628 1
4.44760868804729 7.64883266341366 1
4.27897676760823 7.8553921398868 1
4.3169175793144 8.13881299107798 1
4.13974814050864 7.8035062981422 1
4.87655484426471 7.6548886962732 1
4.91840049323831 8.17925447313351 1
4.68695193259512 7.60178301814136 1
3.94844681812429 7.8301468803221 1
4.26261360440732 7.59303680597452 1
4.3973034142374 7.72762340196724 1
3.84301953682675 7.30778629079608 1
3.91299392553427 8.05539753185006 1
3.44118049881903 6.8783859291067 1
3.75243646285898 8.35940635717222 1
4.14461824976154 8.77378610031464 1
4.02719870059335 7.85292300369621 1
4.05425996393148 6.49935849458187 1
3.55190050249971 8.30941112223916 1
3.92485786145467 7.66002615871292 1
4.07335097711766 7.38762079048251 1
4.1896020005771 7.64944362969737 1
3.4760262278441 7.97172856986889 1
4.05215640030018 7.71618362486457 1
4.38944111092381 6.84562293868702 1
4.29662453691817 7.68844503613473 1
4.58836560863784 7.9821599936868 1
4.24652681618085 7.75487599065429 1
4.58510984074096 7.00333264907709 1
4.19920339875831 7.1516393459348 1
4.15803049260833 7.1093235156377 1
4.40448819351612 7.88383187694631 1
3.43080365423647 8.06228808445707 1
3.34857985844126 7.28067311163153 1
3.7911846035809 8.39908723646101 1
3.55669379723979 7.08280330088061 1
4.18346017300993 8.0700071154778 1
3.73569469948199 7.64096634154404 1
3.552011085815 6.91139663596681 1
3.38303884053438 7.47601947330624 1
3.79853789642805 8.3536406831064 1
4.59787271323598 8.38548991044212 1
3.7828415191245 7.98557804275024 1
3.36650720397268 7.85905465155754 1
2.91739112901718 8.02312398044845 1
3.95821645078021 7.61009971873686 1
4.27999180312656 7.64123680342782 1
4.62240024428376 8.02088816655265 1
4.14871908799367 7.64150897215846 1
4.52250121703955 7.47317422157294 1
3.94850975027138 7.82348189439789 1
3.86367176521514 7.23979109473853 1
3.84628538385651 7.46616053327135 1
4.32538242340227 7.7576628015681 1
2.9982983972171 7.40901366263205 1
4.16646290445385 7.75380003496532 1
3.45236496140232 7.54718814601859 1
4.190168147037 7.05952828364983 1
4.20264007883351 7.77743949241176 1
4.2813413518527 8.35437316707326 1
4.14480881960613 7.40283472171568 1
3.70945514626737 7.99509043859242 1
3.14128121632678 7.92838897190793 1
3.41881944682416 7.60021073766722 1
4.53641480457837 8.44187217300023 1
4.66186090572899 7.63642230375734 1
3.80735652591198 7.60458207205422 1
3.07361578716094 7.62124978751106 1
4.18062439240346 8.075350873783 1
4.28019997456766 7.87264832403037 1
4.08317327307506 7.91139308476989 1
3.99454404801511 7.16683657409234 1
3.83847471418912 7.76200527722112 1
4.68068961055874 7.91720461355865 1
3.71118774093319 7.36230596241721 1
4.13191680647234 7.75698236337338 1
4.18957084412136 8.34225174198317 1
4.45359367530441 7.01007297037581 1
4.25282549663315 8.22703520259238 1
3.56808153624639 7.61108029072991 1
4.12176619859967 8.03862678519804 1
4.66633369912734 7.39081449203003 1
3.75691018588633 7.88599339629792 1
4.11429856144447 7.53749924745719 1
4.14290623176875 7.18334724281223 1
5.23935585029709 7.72600300965326 1
4.42867245366935 7.64615624119082 1
4.04923286081473 7.74036937938138 1
4.29230542652174 7.54637070601856 1
3.53363525112427 7.64555301302741 1
4.47214007488977 7.13313367429916 1
3.41978241900282 8.10307699933931 1
5.06553891469537 8.00307637840088 1
4.3435782063336 7.81934776374993 1
3.50183191203325 6.93208983481934 1
4.67823554710141 8.11539586790494 1
4.56960578856954 7.95519169074226 1
4.08587951007874 7.76617889522883 1
4.03239119792408 8.0162940122705 1
3.77787218258141 7.20746386774351 1
3.930150415631 7.33085489469947 1
4.30322927077576 8.0515307760862 1
4.40750528765757 7.46067126566983 1
3.69357507105582 7.21098656696891 1
4.1331169637383 7.45336820643257 1
3.70427049420564 8.45220505967874 1
4.03272619255731 7.0392767504546 1
4.03746315773108 7.61733917106494 1
3.82288206598453 8.46481288857069 1
4.21606235031005 7.78609493923168 1
4.5110875760341 8.25062644133392 1
4.33960696199498 7.71870584328987 1
3.3281113074596 7.69411711281916 1
4.13901633760069 7.37437231971466 1
3.92325441530289 7.39898338901091 1
3.77139136775584 7.43258936325358 1
3.56954231561845 7.52532622695052 1
3.84446714497688 7.51590847598354 1
4.06629282567105 7.79689186759435 1
4.1071408635402 7.66820236427001 1
4.26696272763958 7.66727214867989 1
3.99063651342488 8.15516522020839 1
4.46518260714769 8.54611369785029 1
3.49116840862939 7.96183001035432 1
4.49032718965328 7.75502041923855 1
3.45512420671752 7.73357036150603 1
3.32865598300603 7.956017596739 1
3.80135385388571 7.88300493067127 1
4.22430631490195 6.96701853984027 1
4.0937595837687 7.85012499023246 1
4.16229725026614 7.61512503644195 1
3.5305206677985 7.53055974189708 1
3.31109987219138 7.27220139286748 1
4.46547638587098 7.65329905891484 1
4.67043017649091 8.33140400228036 1
4.0602051182827 8.22571506060361 1
3.79877766018014 7.57311973454472 1
4.17165938207046 7.80460695565687 1
4.64192080503401 8.09630732519996 1
3.73657462528886 8.07080280801916 1
3.8900982596983 7.61814363944756 1
8.02916878348167 3.8700760807375 2
7.60151796054208 4.3481302350429 2
7.98374450928726 4.19399441709093 2
8.34822880779896 4.05459025557197 2
7.93677495240429 3.91430109575624 2
8.28797546117249 4.46195252972941 2
8.13320163749693 3.76684249189747 2
7.98211283638052 4.26872891044377 2
7.70575099287204 4.39544217492017 2
8.05782227826939 4.20551853438798 2
7.84215807474389 3.56323116470742 2
8.25252294064117 4.05470282831495 2
8.14580913683184 3.68932929456083 2
7.79739666115959 3.54191391506509 2
8.06942714634641 2.99540701313169 2
8.37481576135498 3.947286100183 2
7.99881179392209 4.62801124724738 2
8.15793328577901 4.51763080294108 2
8.64258242632227 4.27574780123843 2
7.75330241986254 3.37967221939407 2
7.62389012231169 3.81609477426569 2
8.07744880776988 2.69359153002555 2
8.26749478088047 3.61802363140532 2
7.7499657923435 4.22615815074541 2
7.81998191751164 4.21996995294137 2
7.88721144323508 3.9112377472226 2
7.58025177960315 4.32065423166789 2
7.35779435844309 4.55969692669031 2
8.34673798945853 3.59527625308624 2
8.18074193883226 4.01480295266667 2
8.09732646002685 4.82599089503544 2
7.95367775032698 3.94916475413149 2
8.4665608011971 3.98545470378728 2
8.02639748625183 4.47109399434331 2
8.39462486330722 4.05740525101388 2
8.28446690786198 4.58873942002807 2
8.04547603659812 3.91372920227474 2
7.76101453271088 4.05659524957213 2
8.06741934032626 4.30709599181552 2
8.03811249442106 4.15181696112188 2
7.88579704871647 4.64293912045725 2
7.79097732226331 4.42421212994283 2
8.2346899173884 4.67345837461228 2
8.11491943655043 4.5957457064287 2
8.32165049650177 3.64068367498674 2
7.99652829091684 4.25397561828297 2
8.10500947783815 3.78912663947007 2
8.27964761073633 4.43841541319891 2
7.87470218458894 4.67639294092703 2
7.77968491132113 4.08568160468978 2
7.53868981495611 3.73262103682323 2
8.35410690353752 3.56634517678767 2
7.6298226320496 3.26251662430031 2
8.07042924626148 4.38147725874755 2
8.33007953395762 3.96021272563327 2
8.06210474176956 3.82493135555119 2
7.97947464084132 3.45177147310767 2
7.82830407316166 3.84086101230205 2
7.60026335384677 3.2787132965603 2
7.82849364612093 3.29004691191994 2
8.10353160343851 4.23473734465751 2
7.99426765196898 3.46250548641665 2
8.67093501417716 4.29329982419234 2
7.79594446397891 3.96834113523485 2
7.76069087146111 4.17873345795875 2
8.69013366401924 3.98999210300865 2
8.02468594675392 3.93154801159599 2
7.95687206406119 3.99050047068651 2
8.17802349072111 4.68997171563863 2
7.81425864447295 3.34974786877819 2
7.97489267908494 3.97122934404977 2
8.30466255300235 4.047287634098 2
7.95854540199281 3.61039956303977 2
7.76017859996871 3.87844245912049 2
8.36259574329853 3.84473431278182 2
7.92693904265772 3.89494191922917 2
7.96052616924079 4.56104167073389 2
7.79132073682051 3.73168646186393 2
7.89743616678054 3.7181794495244 2
7.70523286380768 3.2295936241528 2
7.82865972906974 4.09793579094383 2
7.92052787470466 3.81429333284339 2
7.81356314116692 5.09571217464726 2
7.91193214522036 3.52818005270692 2
7.94411367640067 3.93226371146898 2
7.72010131854434 4.08056413592194 2
8.2443026717971 3.96255410416818 2
8.04499264017604 3.69216224988244 2
8.13621447539909 3.78680465028661 2
7.77757017655833 4.17188348176919 2
7.73348617453859 3.93428075163876 2
7.97336081943172 4.12508240024721 2
7.79210042649828 4.19649105125838 2
8.21462692666139 3.62245961009921 2
7.77214509535549 3.75104208849983 2
8.3677508379617 4.93901475990406 2
8.30802673892567 3.86038332982376 2
8.48134750860634 3.585604755148 2
8.17472639385963 3.22877073871343 2
8.10544208553056 4.10407259136179 2
4.99867040302218 2.14335497292305 3
5.09669773837295 2.1442542057537 3
4.98935522282647 1.6147609450743 3
4.67713086733609 1.95259630940749 3
5.07909755067799 2.49225684439641 3
4.64579983237627 1.87075510835688 3
5.05173518499784 2.28125430151252 3
4.69642427381972 1.888046345999 3
5.58746889610929 1.93122966966208 3
5.43720776608301 2.09895971313823 3
5.46603708743612 2.06252960110998 3
4.63291241143333 1.60369402383133 3
4.90764077024058 1.74491291386002 3
5.36986292053111 1.89224566582947 3
5.04723042444594 1.77858626103154 3
5.11190855659819 2.0346957864623 3
5.18957953415719 2.27306870860111 3
5.27499206907512 2.51785324599844 3
5.14476059680777 1.64305575866574 3
5.71070753892761 2.35572760234336 3
5.15414060587565 2.09637402036275 3
5.2205672344469 2.14345760773472 3
4.79028449983882 1.68279708609229 3
5.01892329140881 1.5639610620968 3
5.21242869817065 2.24907740427346 3
4.73050119471616 1.45685306203501 3
5.21587339111261 2.47130959602247 3
5.51034273527249 2.30801394407474 3
4.67734959164265 2.05559616461165 3
5.18118713631557 2.26362521610464 3
5.39384519308202 1.74574328661249 3
4.91470162856603 2.00415528484102 3
5.48635915379302 1.95732704104322 3
4.66755050070947 1.40642699151498 3
5.45854216050965 2.18533257595128 3
4.74613535137875 1.75008020411042 3
4.87608003866627 2.28263983757786 3
5.05856538738016 1.72146174298662 3
5.44685898604588 2.27314587638595 3
4.33850980097122 1.46232279678707 3
5.14027211405773 1.85880102744964 3
5.20287229604867 2.12003616289158 3
5.14131251931348 2.12930442327609 3
5.45904865707285 2.17416736625796 3
4.98263778127221 1.76802448430416 3
5.01651398735538 2.41972421091821 3
5.57118899129919 2.32780629979763 3
4.3872897723177 1.49155698289682 3
4.22444267383238 1.28762886517638 3
4.59339506534693 1.81625451320017 3
5.47121579642867 2.35352435736707 3
4.68927902680689 1.85107346500871 3
4.79065726051502 1.78038397631262 3
5.57967585135683 2.41214222786166 3
4.49858740222395 1.67787657082463 3
4.92239877258835 1.87443843017005 3
4.90445044993453 2.07919906841823 3
5.24862977983639 2.48998075782464 3
5.06315945473595 1.88395217178539 3
4.98290757485374 1.53736455489401 3
5.00337399842061 2.08289840733944 3
4.97086912194607 2.20642288999079 3
5.05226812167323 2.04839564100037 3
4.67997589060683 1.42436113524959 3
5.54372431813581 2.74996179640861 3
4.45501388726419 1.80083743356007 3
4.80488343439435 2.10411167433938 3
5.55094907220163 2.27761184799684 3
4.40761010192172 1.60118730998811 3
4.64692796598453 1.63393821679754 3
5.4761418571432 2.37998545581389 3
5.2695369730973 2.15874679158807 3
5.05650935092542 2.14124938617523 3
4.71705526047846 1.66902035704113 3
4.75334507063603 1.94449302227897 3
5.51297990616688 3.04546123184981 3
4.89061374189955 2.14667187712382 3
4.04388840059694 1.39198914701682 3
5.5395937459311 2.52274777061778 3
4.87296080303658 1.86235838204173 3
4.56975992381502 2.3205101612901 3
4.95692978324892 1.91782992560805 3
5.12029078091579 1.99671420348688 3
4.40737223585146 1.28070867504859 3
5.3757418371424 2.19239629925828 3
4.84917764868765 1.78961657824692 3
4.44757000094404 1.45594643962375 3
4.43821242618224 1.45212280955319 3
5.04590514911615 1.64194286069361 3
5.18616851826396 2.09697006906648 3
4.85645239241275 1.87168136377376 3
5.0382436093203 1.93122872832069 3
6.09886418998722 2.61049012922661 3
4.32486098165402 1.20627388211784 3
5.43351874906374 2.36249240612568 3
4.56268895544919 1.8735650291488 3
4.81476292233929 2.19747987256966 3
5.36640938727221 2.270569997269 3
5.06850015404246 1.67965838686927 3
4.93064928580395 2.06832185114308 3
5.24067882667655 1.88892196578619 3
4.86710394429016 2.28314264891583 3
5.24255309681969 1.89688507349735 3
4.92211998212633 2.00265127702517 3
5.16172914238697 2.1401999624761 3
5.62047234131513 2.50889944528042 3
4.94849515498982 2.03686164674518 3
5.18483262132608 1.99535523811903 3
5.10163681034659 1.61756942109709 3
5.63134327636841 2.79968880921324 3
4.64166433666176 1.60820045575322 3
4.94904477859616 1.92714477053538 3
4.69670512812815 1.86787120178091 3
5.11794717964565 1.98419175852894 3
5.11933437834251 1.83952357421643 3
4.4733744688595 2.12193322033561 3
5.35789161360034 1.67614245816874 3
4.74224947639746 1.99350543854427 3
4.89198259949659 1.90674907476465 3
5.02431311012818 2.56608783149353 3
5.33388390172056 2.1639872397051 3
4.87358653067154 1.74463502462098 3
4.89645849180646 1.87801895596724 3
4.92831939911318 1.9862512437389 3
4.63782430797594 1.59475332747216 3
4.79267610647647 1.74628634287505 3
5.61871666982457 1.96525403462089 3
4.86224976743363 1.7119761017124 3
5.20291543129377 2.1721290731496 3
5.43754686425523 2.09078514873725 3
5.09566150837082 1.81797551066468 3
4.8154253474326 1.88943384034012 3
4.90026546014897 1.88360550868647 3
4.55907183424717 2.30498275187646 3
5.49967086684769 1.68662875723467 3
4.94230956203916 1.86091666282874 3
4.38134937630146 1.78718853188965 3
4.9750415496517 1.94385766930017 3
5.19727472795008 2.0195379062757 3
5.32730585734039 2.07995773369689 3
5.00020547223415 1.82273635827718 3
5.53838120478575 2.22930435738804 3
4.94251190686962 1.81044786636978 3
5.31410477260119 2.03307222399087 3
5.33682522849114 2.53604190463902 3
5.30538713648149 2.83309843965376 3
5.83731967222588 3.01838650300379 3
4.48553024605193 1.18127523894584 3
4.74875185475285 1.99552230072151 3
4.87826114506741 2.10248070924913 3
5.07421213846641 2.47485965934594 3
5.14356120943383 2.13814910249114 3
5.87909471573685 2.69105021767602 3
4.14079056478507 1.39193546762638 3
5.00555681723695 1.96292979376416 3
5.77181124771744 2.35238207705858 3
4.988969229767 1.91621668511215 3
5.65871691286846 3.02361811140024 3
5.52424698954869 2.27758799012232 3
5.92374719436665 2.26313031422724 3
4.90597116086746 1.81030068605962 3
5.25149943814359 2.45711704967921 3
5.20730581856729 2.05223216531695 3
4.43674235426832 1.30564863252852 3
4.73534769718705 1.8174323499972 3
5.70481777452514 2.15914118120681 3
4.55549051326871 1.82439149017409 3
5.27540328957919 2.39037476664188 3
5.26462983228038 1.49533476310743 3
5.43235253487143 2.4146516235383 3
4.91258293432241 2.18313581333403 3
5.11741631283947 2.20464546601654 3
4.94780866912888 2.32980404582939 3
4.58882395440449 1.80188004203525 3
4.96581736055736 2.07671517494203 3
4.53398592265983 1.81857438074393 3
4.69703213160374 1.88819690643709 3
5.78354634641417 2.47064061158647 3
4.52318517754049 1.73859109605587 3
4.65591168616538 1.71667471347056 3
5.1693073775767 2.31866579680557 3
4.44769654002686 1.89537620021391 3
4.72949054953768 1.96448740492621 3
5.20947045035419 2.12418072974603 3
5.01283276136813 1.51466703752079 3
4.69031996660174 1.21513944127572 3
4.89574200381745 1.84022661099831 3
5.47572537726602 2.32253071001339 3
4.92050998343464 2.43373459166915 3
4.81760404437146 1.91423693721082 3
4.52627517703788 1.4904783894988 3
4.72369525802998 2.23425336715792 3
4.96412576485393 1.52867286124687 3
5.23034640424656 2.42389549125369 3
4.91430787101889 1.88903998553066 3
5.03243047585756 2.29830228656591 3
4.93366746499314 2.16914857219369 3
5.35368307618439 2.08754776507637 3
4.75713673429671 1.89967165085169 3
4.93026512568638 2.12357229755635 3
2.82984007551307 5.79647304191729 4
2.32134480850053 5.48052065773985 4
1.34002554786583 4.30614474893401 4
2.37488365742016 5.40464456993185 4
1.96405540823608 5.04988232634166 4
1.92501471038826 4.98184281637871 4
2.28371884752381 5.30690047342996 4
1.68924527611174 4.80306018747985 4
1.37597204279049 4.45114833114317 4
1.94150592272025 5.10045938806531 4
1.80056189933627 4.55305332643108 4
1.88741852835211 4.89654700955873 4
2.23951592029077 5.06710583407063 4
2.14527734444878 5.25107568395102 4
2.3205334785063 5.49130471214562 4
2.14826471105398 5.16030247160392 4
2.16403885179933 4.87919123945904 4
2.50719888802084 5.14761354690157 4
2.01299839672592 5.00868838690112 4
1.97481545030738 4.61730931534626 4
1.91855400453324 4.89945002732343 4
1.93952232797863 4.98509833223059 4
1.94205143221243 4.87195238615953 4
1.83488598645296 4.68298853006934 4
2.3180008275487 5.7194305631804 4
1.72364221289113 4.73025086278048 4
2.33101291826762 5.32757587715023 4
1.72350225796196 4.86742539885666 4
2.09466891982458 5.02077801600198 4
1.58978365956194 4.51861952488744 4
1.82602283434983 4.7314144538218 4
1.76277470655087 4.91536013763182 4
2.50035550195618 5.37896150230434 4
1.9307124659197 4.96552132473201 4
1.90841973268491 5.07819454840738 4
2.42498315080621 5.39340092970288 4
1.87542034070593 4.7460460094356 4
1.37463825787579 4.5714610043993 4
2.16221848866047 5.2059463394233 4
1.87677590750638 4.96248432400459 4
1.81111514160392 5.06606329283341 4
2.2121426599388 4.95418400210374 4
2.0854557306449 5.02653235137156 4
2.18445483744905 5.3744079664989 4
2.07725077345333 4.92985519100855 4
1.74881410426585 4.43626195523969 4
1.93850317955513 5.10874053139415 4
1.82483173675051 4.98682074126977 4
1.97545554482322 4.77739819922197 4
1.63916748194414 4.81947760303112 4
2.41108020685107 5.36599230303202 4
1.54078421708504 4.42698011058669 4
1.76040927325859 4.70185985215112 4
1.91922675243684 4.76142167787998 4
2.096000101816 5.12400484296226 4
2.05418281914526 5.32600816793416 4
2.03023938159899 5.35965423150918 4
1.36843309318045 4.53531848992638 4
1.70005021395822 4.56590105699812 4
2.57733834685975 5.18220344991 4
2.01606846314481 4.88958447163523 4
2.53761008464695 5.20432059790677 4
2.04039305554382 5.14792967490008 4
1.70565529067342 4.74053496257697 4
1.99617926869461 4.84679028929336 4
1.60820571108567 4.69596210645521 4
1.67601462981492 4.92589909234488 4
2.12817141813759 5.29910745182249 4
1.75677631236239 4.94277936014232 4
1.47270276704935 4.67396623247768 4
2.0924870558071 5.30694745363532 4
2.06744359850223 4.96205545868529 4
2.22448437630278 4.9744086934618 4
2.09531126439831 5.28690625325397 4
2.1845723536326 5.11748794213425 4
2.29275960442608 5.23167139972235 4
1.63108123754287 4.86700807026115 4
1.64485369054834 4.59485439926317 4
2.17403646277335 5.24353438370627 4
2.50669876118299 5.32094298615277 4
2.09517550636328 4.83299907094219 4
2.05192308570868 5.27171073278519 4
1.32076635419695 4.39151392879683 4
1.81992289227039 5.0157865441111 4
2.61286654375618 5.66039119316583 4
1.84698997580593 4.73586627928117 4
2.4019958856079 5.17806526031339 4
2.12720751887047 5.20764014792514 4
1.97574251423788 5.19088295796972 4
2.07730499434178 5.12228428010384 4
2.66011141439004 5.87880585401785 4
1.70708843264884 4.98879823131477 4
2.39978436767274 5.5012244012724 4
2.15392716435016 5.09398611082317 4
1.62024222167907 4.42063079777111 4
1.58810492869126 4.59204886425983 4
2.32608454350972 5.30991175854449 4
2.30649999948145 5.31608834832147 4
1.74132084568177 4.73773346062549 4
1.88609060177927 5.20925175344108 4
2.02654619877913 4.98405284466879 4
1.62279355924611 4.39481887707107 4
2.31187212375397 5.21611906434124 4
2.01445640811083 5.19975195454013 4
2.0776013430813 5.38095021325322 4
2.21592687595816 5.28849856835833 4
1.69637366259602 5.02091560378315 4
2.19686846201381 5.27346727120114 4
2.33020073767695 5.47290175290839 4
2.22668080640756 5.09981836857399 4
1.71853882978307 5.08085494932763 4
1.78326696778287 5.29573706182036 4
1.7076249158267 5.04869203763813 4
2.23698754344091 4.89747129090938 4
1.97871787777509 5.43919298117522 4
1.84687741499718 5.15986883739874 4
2.28606374715141 5.28297656731123 4
2.02455217548826 4.98574698994589 4
2.44791545932503 5.22085887630901 4
2.27317048130957 5.20428592338163 4
2.78088096081918 5.48448020998931 4
1.50299298222776 4.60996132393549 4
2.19444042647277 5.25056340535565 4
2.37581373795434 5.06024986256273 4
1.62521238485056 4.75852748945555 4
2.02696587553108 4.85247691582434 4
2.53871895008337 5.57447062752258 4
2.11968356987285 5.25861748741761 4
2.34591147782068 5.2650805511686 4
2.47806588365249 5.15936177769762 4
2.20428849944784 5.2802756939882 4
1.93931092822104 4.90966133069302 4
1.63077208438606 4.49858562656685 4
1.8918916168662 4.90842287860411 4
2.08172779190032 5.05873347205171 4
2.0441266501123 5.03036075834466 4
2.09391999410183 5.37616694195129 4
1.82621008068307 4.95530969563486 4
2.06647553077988 5.12307394481836 4
2.2137884142248 5.02217345169492 4
1.92700693279328 5.03016399485225 4
1.09084927562937 4.17109216144902 4
2.13795441040633 5.22113296168164 4
2.15542312257557 5.1698096524993 4
1.68811571081502 4.99829229997835 4
2.17593438459032 5.14571174140003 4
2.60237151918772 5.26142990006828 4
1.87407166530633 5.00612672324662 4
1.5839704821739 4.72326788798881 4
1.89022155261972 5.08600115050804 4
1.99352129249938 4.93271573469119 4
1.8159007725276 5.10858093805738 4
2.00098960246155 5.11521317170365 4
1.78557239142835 4.73252185208929 4
1.8100440752773 5.03985219600211 4
1.76134231532946 4.73683860564762 4
1.338671019341 4.54437507970105 4
2.21608948993789 4.89924867681599 4
1.62783583428716 4.78611285779972 4
1.74217192064209 4.87709260182657 4
2.48205916260474 5.64555086850915 4
2.27007331698847 4.96655174030515 4
2.401413683848 5.52230446292257 4
1.54780526371265 4.47725851867699 4
2.00017945517932 5.16239197803765 4
1.57674746171516 4.67110131377458 4
2.21336351733982 5.11357087639285 4
2.4113573987703 5.41976442167211 4
2.75929962764368 5.80255721887554 4
2.00163730274635 5.15406317646898 4
1.59423050813047 4.69905905838142 4
1.97280193201603 4.86123059695622 4
1.80052641796647 4.69063773317372 4
2.58207991134998 5.39623082895825 4
1.94478266814942 4.65974929274531 4
2.23881100352447 5.18802477305855 4
2.16034723550768 4.98682016239982 4
2.35297706933912 5.00235759338392 4
2.24880300774622 5.2976113102551 4
2.0806229809281 5.26276880569696 4
1.72556883348195 4.65659457375912 4
2.26322808631365 4.88158112895138 4
1.64237490442882 4.76768797974824 4
1.41958541761356 4.49325753202003 4
1.8994526610894 5.14123830428511 4
1.86607418213679 4.79887154009539 4
2.21898331989094 5.37384340865336 4
1.30204412155542 4.38722339591206 4
1.73296095433201 4.48607647120329 4
1.57156539715406 4.34841118034072 4
2.0551272560295 4.99917831987781 4
2.0287213836323 4.91163623491716 4
2.33189027330913 5.19022259685399 4
1.54250699692036 4.240075161748 4
1.36934619601673 4.40382796874862 4
1.96310279643114 4.97775320511001 4
2.20975705125257 5.11034363439981 4
1.89967824153989 4.72755937242877 4
1.35989702853095 4.64588314585978 4
1.7542146052532 5.02026148375262 4
